0 90 33 8 11 0 26 89 0 0 14 0 0 0 9 0 0 0 24 0 6 80 53 69 0 0 0 0 54 0 0 95 0 0 0 0 0 63 0 0 0 0 0 68 61 0 0 0 58 58 75 0 0 0 0 0 0 15 28 46 94 0 0 74 0 0 22 12 0 0 0 0 0 30 96 98 0 83 0 0 34 0 0 0 78 0 0 0 0 70 56 56 0 0 38 0 0 0 77 0
0 0 21 47 83 0 10 0 21 3 11 16 0 0 95 75 0 0 64 0 0 74 0 0 0 16 0 0 4 39 0 0 0 0 0 0 0 0 0 0 0 0 0 27 26 0 0 0 92 28 86 39 79 71 0 0 0 59 82 0 87 23 0 0 87 60 57 0 0 0 3 50 51 2 57 0 0 0 35 0 0 0 53 68 0 0 99 0 0 63 0 8 31 0 33 45 0 0 0 0
0 0 0 0 46 0 19 0 0 0 49 29 71 73 0 64 88 0 0 47 0 0 3 24 0 94 0 0 97 99 41 0 0 0 0 90 0 0 41 96 0 4 66 74 35 31 0 81 98 0 0 88 24 26 27 28 0 0 29 54 0 0 80 0 89 0 4 72 65 0 0 0 79 0 0 0 0 0 0 0 0 0 0 81 0 0 0 0 0 83 0 0 0 0 69 20 39 24 0 0
0 0 0 0 0 0 46 0 0 0 26 17 0 7 59 0 0 73 0 0 0 49 75 7 0 0 72 0 100 14 0 0 0 0 0 65 29 0 0 0 0 0 0 0 0 39 0 54 0 84 90 0 51 0 23 0 0 0 0 0 0 0 15 77 30 0 97 0 0 0 48 98 98 0 0 21 0 95 0 94 68 53 49 0 42 0 3 89 0 16 0 49 0 32 0 0 80 9 0 2
0 0 0 0 0 5 0 0 4 9 41 0 59 37 81 0 26 28 0 75 0 0 0 16 0 0 0 68 0 0 0 0 0 88 0 0 26 0 0 23 30 0 77 13 0 0 69 42 0 0 89 0 0 93 62 0 57 0 0 82 34 0 13 89 0 9 61 0 82 28 95 0 0 0 23 0 94 0 0 0 0 99 0 0 15 16 46 0 22 0 97 0 0 44 0 95 0 0 0 0
0 74 0 0 0 0 0 94 85 72 60 0 0 0 0 0 94 0 8 70 15 0 30 19 68 19 21 72 91 0 0 34 0 31 96 0 0 0 84 59 0 0 58 65 0 0 0 68 1 67 0 46 32 42 0 39 76 82 83 0 0 40 0 0 75 42 14 0 55 46 93 36 74 0 0 68 0 30 0 0 0 0 0 0 0 0 35 69 0 0 0 0 41 76 0 0 35 32 0 0
0 0 0 0 0 1 0 4 64 0 9 0 49 0 90 0 0 21 0 5 0 8 90 25 45 0 0 1 0 0 32 0 0 3 0 92 33 25 67 13 0 0 0 54 76 0 63 97 43 0 0 0 0 0 75 18 0 0 56 0 5 9 0 67 0 17 92 0 0 0 0 0 0 63 0 0 15 2 41 0 0 0 75 55 0 0 0 0 76 86 59 73 0 0 0 5 0 0 0 93
0 69 0 0 52 0 0 0 0 0 84 0 43 0 0 0 0 0 64 0 50 0 90 58 21 0 0 0 0 0 0 0 0 37 0 10 0 74 0 38 0 86 0 83 0 35 8 93 0 3 0 0 3 75 0 0 68 71 21 68 56 0 0 0 0 0 46 0 86 0 0 89 0 16 76 98 0 50 6 0 68 0 0 0 0 0 22 0 0 0 26 30 9 33 68 2 52 99 0 79
16 0 0 56 0 0 0 13 0 0 36 24 0 0 84 0 0 19 0 0 64 77 0 97 87 0 93 69 0 0 0 0 5 58 41 0 0 0 0 10 0 53 0 0 0 0 49 94 73 44 92 7 85 0 0 0 0 0 62 58 0 66 35 74 0 0 0 33 0 0 0 23 48 4 49 0 0 35 0 33 78 86 0 44 48 0 73 0 39 0 60 0 71 0 45 7 0 0 65 0
23 0 11 0 0 0 0 85 85 0 86 9 22 51 75 0 42 95 78 0 0 0 81 44 0 24 54 38 59 0 83 42 0 72 43 0 69 0 0 0 23 0 83 0 0 0 0 31 92 0 16 22 92 0 0 26 3 95 85 71 80 0 0 61 98 0 0 80 0 0 0 83 94 0 0 0 79 50 0 0 0 26 86 59 46 0 20 51 0 73 0 88 0 23 77 10 1 0 0 34
0 0 0 0 0 0 0 0 0 0 0 80 0 0 0 12 0 30 0 73 0 0 0 23 0 65 67 5 0 0 66 0 22 27 98 61 100 0 0 0 0 0 57 0 0 0 12 36 92 0 0 22 0 45 0 2 0 30 0 0 0 33 0 0 63 91 0 29 0 15 30 0 10 0 0 55 0 0 0 0 0 0 0 0 26 0 68 0 0 20 0 0 0 61 56 18 80 77 0 0
93 0 0 0 45 34 0 0 0 0 0 0 83 0 0 0 61 37 0 0 0 48 20 0 0 0 23 0 0 81 0 0 62 0 0 0 83 0 0 40 0 0 22 0 0 93 0 63 0 0 28 6 0 28 0 0 90 91 61 77 0 0 12 0 51 0 13 0 0 0 0 0 0 0 0 0 0 66 0 68 37 99 74 59 44 0 0 62 79 0 47 69 18 51 0 64 35 35 50 0
0 64 0 0 0 0 0 0 0 0 65 0 0 0 0 0 0 0 48 0 0 0 0 0 0 0 0 10 0 88 0 0 68 0 60 0 0 0 100 20 94 86 26 42 0 0 0 0 68 7 0 0 0 71 0 85 0 0 0 0 86 24 20 64 0 58 68 0 0 0 0 0 12 0 0 0 4 85 26 33 53 95 0 1 30 72 0 73 92 0 0 89 50 0 0 0 22 88 73 0
67 88 0 0 0 0 87 77 0 0 10 0 0 0 47 83 13 0 86 0 70 18 0 0 0 78 81 0 0 0 0 0 0 44 0 93 93 0 36 32 0 0 0 49 0 0 0 100 0 0 0 68 0 36 58 0 72 65 0 79 0 0 0 53 28 94 75 0 63 0 18 0 0 53 58 0 0 1 0 0 0 0 44 0 42 0 0 90 0 0 0 0 53 0 0 64 0 32 0 81
0 0 61 0 0 83 0 69 0 0 0 0 0 0 0 11 18 0 18 0 0 91 0 56 0 0 0 69 0 2 95 0 0 0 22 33 0 29 93 0 16 0 98 33 0 42 72 9 0 0 0 0 99 34 52 0 82 0 0 0 0 0 1 75 0 0 0 77 53 12 81 0 0 94 0 53 94 18 0 0 91 13 0 0 0 0 0 0 84 40 0 24 33 19 0 0 0 42 42 0
46 0 0 13 0 61 63 0 0 0 0 0 0 0 0 0 0 0 71 0 0 64 0 34 48 0 20 24 30 0 43 0 0 0 0 30 9 78 32 3 92 37 0 76 96 71 96 27 0 35 62 0 38 0 57 0 0 0 51 0 0 0 93 27 0 0 85 0 0 10 0 0 68 81 71 60 34 0 0 0 0 53 53 0 0 32 0 65 0 37 0 40 0 40 0 0 62 30 0 0
90 58 0 0 0 0 21 0 22 0 0 0 0 0 0 0 0 0 0 0 0 0 62 0 0 46 0 67 0 70 99 0 13 55 13 0 0 46 0 0 39 0 23 78 0 65 0 7 71 36 0 0 0 1 0 79 41 0 0 35 65 0 0 0 22 0 0 0 92 0 100 84 0 0 5 0 79 0 55 76 0 76 68 0 0 0 72 0 100 0 0 39 0 0 35 0 0 0 63 0
32 32 0 0 0 0 0 66 0 0 0 0 19 77 0 67 94 0 75 17 73 85 0 0 50 0 90 0 56 91 0 39 98 0 0 0 56 0 32 0 0 99 78 16 0 0 40 53 0 60 51 0 23 49 73 0 83 0 68 19 64 61 0 1 54 35 18 86 0 37 0 0 0 22 33 2 0 64 0 0 18 16 71 90 9 0 29 77 0 0 10 23 0 40 58 43 0 6 72 0
0 0 0 96 51 0 15 0 86 0 0 0 0 0 0 0 0 0 0 0 6 81 0 0 74 0 46 0 0 0 75 4 0 71 0 0 21 0 0 0 0 32 0 0 75 79 97 92 0 80 10 1 0 0 0 0 99 4 0 0 28 42 77 0 0 99 21 76 27 63 41 13 0 77 0 0 0 100 0 92 0 45 0 0 0 0 84 0 59 85 59 0 0 0 0 0 38 45 25 0
0 0 0 25 0 0 0 78 0 35 0 16 0 0 52 8 0 0 0 0 0 63 79 19 0 81 82 0 0 0 0 88 0 44 0 0 0 0 76 11 0 0 67 0 69 0 0 76 0 0 0 18 0 0 0 62 0 97 0 55 0 0 12 70 6 17 28 0 81 0 81 69 0 6 0 81 0 63 0 0 0 82 1 0 89 0 0 0 0 64 0 0 70 0 0 8 74 0 7 0
0 78 92 0 19 0 0 0 0 27 20 0 0 0 0 10 82 0 0 0 0 0 90 0 0 0 0 31 36 0 39 38 0 34 37 0 0 0 0 0 54 0 0 66 6 0 0 0 0 0 0 0 0 22 51 1 0 36 12 0 35 39 0 0 0 0 86 9 59 0 0 0 0 0 0 17 39 83 0 0 0 0 63 92 0 59 0 95 0 0 0 19 46 72 48 4 0 0 0 0
0 0 0 0 39 0 0 0 0 0 0 0 0 0 0 0 0 0 0 0 14 0 0 0 81 53 0 57 65 98 12 0 12 48 0 38 14 35 0 0 53 0 46 0 22 26 0 0 0 10 0 0 19 0 7 13 0 0 0 0 83 83 0 15 99 0 67 0 0 0 81 0 0 0 0 0 0 0 0 0 55 69 93 78 0 36 84 39 0 31 0 72 0 30 48 30 0 25 69 32
0 35 0 0 0 0 0 0 8 0 86 0 0 52 65 58 0 47 0 0 0 42 0 73 0 0 0 97 63 96 40 0 43 69 44 15 0 39 97 0 39 35 0 0 0 70 0 26 51 70 47 63 33 0 3 95 67 57 10 80 0 0 0 87 0 0 0 6 0 74 64 22 0 83 0 67 25 0 58 0 22 0 0 88 0 47 0 52 0 0 8 62 5 29 53 0 0 0 0 0
0 0 0 0 0 0 0 0 0 0 0 65 0 60 0 0 0 52 0 0 0 72 0 0 62 9 0 0 0 0 96 0 9 23 75 27 49 0 0 87 20 0 0 0 0 89 0 0 25 21 0 0 0 0 0 21 61 15 30 0 64 0 0 46 84 100 0 0 92 0 56 0 0 32 45 0 26 0 0 0 83 2 13 90 0 22 0 69 0 0 29 0 0 0 0 0 0 11 78 36
17 2 0 0 0 0 0 0 0 0 0 14 0 18 61 0 50 0 0 0 70 0 79 0 0 100 49 7 0 0 81 0 0 9 52 0 0 69 0 0 0 75 0 0 0 58 20 72 0 0 21 0 42 0 39 0 33 17 0 58 0 0 40 74 0 0 99 34 0 0 0 15 30 59 0 0 88 0 0 20 10 0 87 10 0 64 70 66 0 0 0 4 0 14 51 86 32 0 21 0
28 0 0 63 0 0 0 90 69 0 0 0 33 0 58 69 0 59 0 0 0 0 0 0 0 0 0 48 0 85 0 0 5 27 0 0 0 0 0 0 72 0 91 0 0 0 84 0 24 76 13 81 0 16 0 18 0 0 16 0 0 0 0 0 0 31 61 0 0 0 0 47 0 8 0 93 0 37 0 9 96 0 43 0 97 0 39 0 33 0 45 42 79 0 0 70 0 0 52 0
83 1 80 0 0 0 0 0 0 0 0 0 0 0 24 0 0 0 0 0 0 61 54 0 0 0 0 60 0 0 0 84 100 82 83 0 0 41 47 78 0 0 66 96 55 39 36 0 58 31 9 0 81 0 0 0 0 0 0 49 75 20 0 90 32 37 85 0 0 0 0 0 0 0 94 0 57 0 0 0 35 99 0 0 61 0 0 0 70 0 88 24 0 0 0 24 0 28 0 0
0 23 0 0 0 0 0 0 0 0 0 0 0 0 0 0 0 19 75 97 0 0 0 0 0 0 0 0 0 100 0 4 0 30 71 19 0 84 0 69 0 0 78 0 15 0 0 0 78 79 0 0 77 0 0 0 10 10 52 0 0 0 0 33 0 0 0 0 32 39 40 0 56 0 0 0 0 0 0 0 51 74 0 77 96 0 0 32 0 32 0 0 22 0 52 28 0 92 18 91
0 0 0 0 84 0 20 88 54 0 0 0 32 44 23 0 0 0 0 77 0 0 0 0 95 0 0 95 0 0 0 0 44 82 63 78 0 10 45 86 38 0 35 30 52 32 84 44 0 41 0 74 57 0 20 0 62 0 47 0 47 0 0 0 0 22 60 0 81 41 22 0 81 95 34 0 0 15 0 0 22 61 15 0 0 91 97 88 22 13 60 61 88 0 92 64 60 0 60 0
0 0 0 0 0 100 74 81 49 0 11 0 0 5 0 0 0 0 76 68 49 0 0 0 0 0 0 0 0 0 0 0 0 90 0 66 25 63 0 0 42 0 0 0 90 51 0 88 51 0 35 0 0 92 45 0 3 7 0 86 0 0 28 0 0 21 0 30 33 99 0 93 0 0 0 43 35 17 0 49 62 37 0 0 70 0 4 64 0 0 0 34 0 71 30 0 16 0 23 0
56 0 0 20 40 0 0 6 8 0 0 54 0 60 0 0 0 79 0 0 0 0 0 0 0 56 0 0 0 0 0 0 87 42 31 49 0 0 38 0 26 25 18 79 0 0 32 76 0 67 33 0 0 21 21 0 23 30 0 70 0 37 21 0 80 0 28 0 61 8 0 11 40 0 0 0 0 76 0 56 0 57 0 0 82 91 0 0 24 0 0 0 13 0 13 0 0 63 63 0
0 13 3 0 0 0 79 0 0 0 0 46 0 0 0 77 50 0 0 0 0 0 46 41 0 62 0 0 0 0 29 0 47 0 72 79 0 81 0 0 0 0 22 13 0 26 0 7 0 0 97 30 0 0 0 0 0 0 71 35 87 77 0 55 0 94 33 0 30 6 0 0 0 0 0 36 57 0 97 13 0 0 0 0 0 0 0 24 0 0 0 0 36 0 0 0 0 6 89 7
0 0 0 3 0 76 0 0 0 0 0 0 0 0 0 36 0 0 70 78 0 0 0 0 31 0 0 21 0 0 0 0 0 58 44 0 0 78 0 0 0 0 81 0 85 0 6 51 0 25 0 0 2 0 0 0 0 93 0 37 0 0 91 98 0 0 0 0 89 47 35 50 58 32 0 0 80 76 0 0 0 0 70 1 99 0 0 0 95 0 32 0 0 0 0 0 19 0 0 0
0 60 0 0 0 0 0 0 0 0 0 21 21 0 0 55 0 89 0 0 0 0 0 0 0 0 0 0 0 0 0 0 0 0 0 57 0 12 0 58 0 0 0 86 25 0 0 0 56 0 56 57 79 85 31 0 81 58 22 8 0 0 0 0 97 0 0 48 1 14 0 70 54 0 0 49 0 67 78 0 0 0 27 27 0 96 0 18 0 0 0 0 0 10 0 31 0 98 6 52
0 63 0 64 0 0 0 0 0 0 0 0 0 0 0 22 0 65 48 74 0 0 0 0 0 61 0 0 0 0 0 0 0 58 0 0 98 92 1 23 63 17 0 0 0 76 23 37 0 0 0 0 0 0 0 0 0 0 71 0 84 92 0 0 0 51 0 33 0 0 2 0 0 84 62 97 0 98 0 67 0 61 57 43 17 0 0 0 0 21 0 0 0 14 71 0 0 38 0 0
23 0 0 0 68 0 0 0 64 0 0 0 48 0 0 0 0 84 0 36 41 0 0 0 89 96 0 0 0 0 0 0 63 0 0 0 0 89 86 39 85 0 0 55 0 45 0 0 0 51 52 33 0 0 16 82 18 3 80 16 58 55 0 68 80 0 69 51 97 0 10 0 13 51 0 93 0 73 90 0 0 0 73 0 21 100 8 19 52 43 49 22 0 96 41 0 9 0 68 0
12 61 0 0 0 0 0 84 0 0 0 0 0 0 0 0 0 0 0 50 22 0 97 0 0 44 64 0 0 0 63 51 0 0 0 40 0 0 0 0 0 93 8 0 0 5 59 0 43 0 66 28 43 35 14 89 88 0 0 0 42 23 0 53 0 0 0 0 31 0 0 0 99 7 43 0 73 60 0 65 28 5 0 0 0 80 0 1 34 45 100 0 5 53 45 0 0 41 0 26
0 48 0 3 84 79 0 0 85 0 27 0 80 5 0 0 0 0 23 11 0 0 0 0 0 46 0 0 0 0 84 0 0 0 0 0 0 0 84 0 15 50 86 0 0 20 0 0 55 88 0 0 0 0 43 3 0 37 43 55 0 0 77 47 0 0 23 0 0 81 16 0 0 39 0 0 0 0 0 87 57 0 77 70 0 49 0 52 0 98 33 83 0 0 0 17 30 89 38 0
71 88 0 56 0 0 0 0 97 19 66 61 0 0 0 0 19 0 39 0 0 94 0 0 0 0 0 32 0 0 0 12 0 0 0 0 49 0 0 54 79 0 49 0 0 83 0 0 88 0 0 32 0 0 60 87 0 0 44 0 0 0 42 0 34 32 0 0 0 0 60 0 0 0 20 13 49 70 67 6 6 0 0 0 56 0 0 56 0 0 0 54 31 0 91 0 0 0 0 42
83 84 0 0 0 0 0 0 0 0 78 0 0 0 43 0 79 50 0 0 5 0 0 0 0 4 0 0 0 29 35 0 78 0 0 0 47 0 0 0 0 4 42 2 0 61 29 100 66 11 0 0 0 94 70 51 59 87 94 49 84 23 0 51 75 0 94 0 73 0 0 48 65 92 22 14 39 0 21 0 0 44 0 14 0 0 61 0 0 30 0 40 0 0 62 99 0 81 94 0
25 0 0 0 0 0 0 43 0 0 0 0 0 0 0 0 0 6 75 0 0 0 0 0 0 0 75 0 0 0 0 38 87 80 0 0 0 0 0 0 0 14 0 0 0 12 64 22 0 0 55 55 0 0 77 29 3 12 0 21 0 42 0 58 18 89 0 61 61 96 0 71 9 45 0 0 97 0 24 0 0 0 0 98 0 0 0 0 79 0 0 92 14 49 0 0 0 42 6 0
12 0 0 41 34 91 0 0 0 0 39 4 0 0 7 0 0 0 0 0 0 0 0 18 0 0 0 0 0 0 0 9 78 60 0 0 0 0 0 0 0 0 14 0 0 0 0 0 0 0 21 72 5 61 91 0 55 14 0 30 0 35 50 0 3 0 0 78 86 35 0 0 78 28 87 16 76 0 94 0 0 18 0 26 91 0 0 0 16 97 21 0 0 17 0 0 70 0 0 0
75 6 0 0 0 0 0 35 0 0 0 0 0 0 0 52 0 0 16 0 69 0 0 0 100 0 0 0 0 0 0 0 0 0 55 0 0 0 0 0 0 0 0 28 45 55 28 0 0 13 86 43 0 78 0 0 0 0 58 63 0 54 82 0 39 0 0 0 0 23 0 58 0 0 8 70 61 7 52 0 0 38 0 0 92 0 0 0 64 0 0 0 21 100 0 4 0 0 0 0
0 0 0 19 0 0 0 0 88 0 0 20 0 0 0 0 0 0 0 0 0 31 10 0 75 54 0 14 0 70 0 0 24 0 79 0 0 0 0 0 0 54 0 0 0 0 11 10 25 49 24 73 38 95 6 73 83 96 0 0 0 26 0 0 46 0 17 0 0 96 0 64 0 0 0 51 59 0 0 6 9 0 84 0 0 0 0 73 0 0 0 14 0 43 0 19 0 0 91 20
0 0 0 0 0 88 0 0 82 63 0 0 95 0 88 0 69 25 0 0 0 0 19 0 0 12 0 0 0 0 0 50 0 0 0 21 13 81 0 0 0 52 0 2 0 61 0 0 0 59 35 0 62 0 98 54 0 0 34 0 0 0 12 20 0 9 0 16 82 84 0 0 0 6 53 0 0 0 0 0 82 12 0 96 0 4 0 42 0 39 55 14 57 42 0 70 89 56 0 74
2 0 0 0 0 0 0 0 0 0 0 0 0 0 0 0 0 69 0 0 0 0 0 0 0 0 0 0 0 0 0 0 41 0 0 0 0 0 0 0 0 15 0 0 0 0 83 0 5 0 0 48 0 0 17 54 0 0 8 34 0 0 8 0 0 0 72 19 23 0 68 42 91 0 49 98 0 0 64 0 34 0 88 64 0 0 34 0 0 86 0 0 0 50 0 47 0 0 0 0
26 0 86 7 0 15 0 0 0 15 0 0 59 86 0 0 0 0 0 0 0 89 81 0 0 0 0 0 0 0 0 58 0 13 0 0 0 0 70 0 0 0 0 0 82 0 0 0 0 0 32 18 0 0 0 15 49 15 0 0 52 0 0 96 0 0 14 24 0 0 17 0 0 1 0 0 8 48 0 0 53 0 58 6 0 0 61 81 65 0 0 63 98 0 0 0 5 0 0 0
0 0 0 0 0 0 0 0 0 0 0 0 0 0 0 0 0 0 0 0 66 34 0 18 0 0 93 0 0 0 0 0 0 0 0 0 0 0 26 0 0 33 0 0 0 0 21 0 67 54 2 25 42 54 18 0 60 0 0 93 29 0 73 0 100 0 0 0 0 0 0 0 3 0 0 0 18 62 95 31 5 0 28 17 48 73 18 62 26 11 0 0 0 0 76 4 0 49 0 25
0 0 0 65 0 0 0 88 0 0 0 0 0 76 0 0 0 75 35 69 17 94 0 0 43 0 0 0 0 0 43 0 0 0 33 0 0 0 0 0 72 0 91 0 53 0 93 0 0 0 71 52 0 0 30 0 76 15 0 0 0 0 2 36 0 39 0 79 94 0 0 0 5 0 29 60 0 0 50 87 53 7 0 45 43 19 0 29 33 0 0 35 88 0 0 0 0 23 75 0
0 0 45 0 0 0 0 0 0 28 27 79 0 21 59 0 0 0 0 0 0 0 0 0 0 0 0 0 0 64 0 34 0 0 0 0 24 0 19 0 0 0 0 0 0 66 0 0 24 0 54 0 79 41 0 0 9 71 91 0 0 41 0 0 0 99 0 0 0 0 0 0 0 9 0 0 0 39 25 0 86 9 0 0 50 12 0 29 0 0 0 30 0 0 8 13 0 44 96 14
0 0 22 0 0 0 26 0 0 0 0 0 19 96 78 0 0 0 0 23 85 0 0 46 0 0 0 75 11 0 0 0 82 0 0 0 0 0 0 78 0 0 0 0 0 97 0 0 0 0 0 0 96 0 63 0 71 76 0 21 0 86 0 0 0 27 0 23 0 0 0 95 3 72 69 0 0 0 0 0 0 0 37 0 4 19 0 0 0 0 0 17 0 0 10 0 31 0 38 4
0 0 0 0 0 0 52 32 0 0 0 0 0 0 0 42 32 0 0 0 85 18 0 93 14 0 0 30 0 88 0 0 0 0 92 0 0 55 0 37 0 0 0 0 19 0 0 0 0 11 0 0 68 41 0 19 84 0 4 69 0 90 18 89 0 78 67 0 70 0 86 0 62 0 53 0 64 0 0 0 98 0 0 0 0 99 0 27 29 0 0 88 0 0 0 69 0 0 99 0
70 0 0 0 91 0 0 0 0 0 44 0 69 0 0 0 60 0 55 25 22 0 0 10 0 0 0 0 0 15 0 0 0 0 95 0 0 0 46 0 0 0 1 0 0 0 9 0 0 0 0 0 0 0 0 0 65 0 0 0 0 0 0 0 0 0 0 54 82 48 0 0 0 27 43 40 7 0 77 0 79 0 60 88 0 97 25 0 17 0 0 11 0 0 0 95 35 36 0 0
47 0 0 52 0 0 0 0 0 9 0 0 0 0 0 0 0 0 0 97 0 52 0 22 15 0 0 0 0 0 0 91 51 0 27 0 0 0 4 0 0 0 0 0 86 13 4 0 0 0 0 0 34 0 0 24 0 0 92 34 0 0 77 36 43 49 0 55 26 22 0 20 0 0 0 85 50 58 0 0 93 57 0 0 0 0 0 38 0 31 44 32 0 91 0 0 0 0 45 0
72 16 0 0 0 0 0 21 94 0 0 0 0 0 0 0 0 0 93 0 0 0 0 0 0 97 5 0 0 0 0 87 0 0 0 0 0 0 0 0 0 0 0 0 0 0 55 0 0 0 0 62 37 79 0 0 0 62 0 0 45 62 2 0 62 0 6 0 0 0 90 31 0 83 0 0 0 0 9 0 23 87 0 0 0 11 20 4 0 63 0 0 0 0 0 0 0 0 43 0
0 0 0 0 66 0 0 0 0 0 0 46 0 12 40 83 0 0 0 0 0 0 0 0 0 0 55 89 83 38 0 0 18 15 92 0 0 0 0 0 0 0 0 0 0 0 0 0 0 83 0 0 35 0 0 0 0 47 0 0 6 0 0 0 95 78 4 0 0 0 0 0 38 0 99 68 0 0 49 90 87 95 84 0 65 65 98 0 0 0 0 0 5 79 16 0 6 61 98 0
53 46 0 0 0 0 0 0 0 0 0 0 0 0 0 0 0 0 0 93 0 0 0 0 0 0 0 0 0 0 0 21 99 0 0 0 0 0 0 0 0 0 64 0 0 0 0 0 0 0 0 0 0 77 63 49 0 0 0 20 67 0 20 58 26 0 45 83 76 80 68 12 72 0 0 0 0 38 7 22 0 31 0 0 88 0 0 0 79 24 0 40 13 0 9 0 14 0 0 0
0 0 0 0 0 0 9 0 29 0 0 0 0 0 85 19 14 0 0 0 0 21 0 0 0 82 52 0 42 0 0 86 0 0 49 0 2 0 55 0 0 0 58 0 61 0 0 0 0 0 0 19 95 0 0 0 0 0 0 0 0 1 40 2 0 0 21 69 24 0 68 0 9 0 0 0 0 8 0 99 16 47 82 16 20 0 67 0 0 48 42 73 62 98 0 0 0 87 38 0
0 0 0 17 0 0 0 0 0 0 0 0 0 53 0 0 0 0 0 80 0 0 0 0 0 0 0 0 0 0 81 0 33 0 0 0 0 0 0 0 0 65 0 1 0 0 54 59 0 0 0 0 0 0 0 77 0 0 0 0 0 0 65 99 0 14 0 21 0 53 50 0 0 37 37 0 0 1 72 0 90 4 100 44 0 0 80 0 69 0 0 58 0 65 0 0 0 45 20 0
0 12 0 0 0 0 0 0 0 0 0 0 62 0 42 0 0 0 0 0 58 0 0 73 0 11 0 0 0 0 0 0 0 0 0 0 99 0 0 0 0 0 0 0 0 0 0 0 37 31 0 0 31 0 0 22 0 97 49 0 0 69 0 43 87 99 0 0 57 0 0 70 0 0 0 0 0 57 0 33 41 0 60 68 0 12 38 5 0 0 0 3 73 80 44 77 41 0 98 49
0 0 0 82 0 1 0 0 0 0 0 0 0 74 0 0 0 0 0 86 0 0 0 0 0 94 0 0 0 6 75 0 0 35 0 0 0 80 90 0 96 0 0 0 0 34 0 0 11 82 86 0 11 0 0 0 0 73 0 25 0 0 0 25 1 0 0 0 90 0 48 0 84 0 64 26 4 0 5 0 25 76 76 64 0 88 0 0 100 75 0 46 43 36 44 0 0 0 0 0
0 0 7 27 23 0 0 0 0 0 0 29 0 49 61 34 0 0 0 0 0 0 0 0 0 0 0 72 94 0 0 0 89 0 0 0 0 87 0 0 0 0 0 0 0 0 24 52 0 0 0 0 0 32 0 0 0 0 0 0 0 0 53 60 17 52 0 0 33 0 0 0 57 0 99 0 0 7 58 0 76 41 89 59 88 5 0 0 98 63 55 0 48 0 27 59 38 0 0 0
20 0 0 0 0 0 48 31 0 0 0 0 0 0 0 0 0 0 0 0 59 28 0 55 0 4 90 0 0 0 0 0 0 54 0 0 98 0 0 100 74 0 0 0 0 0 62 0 0 0 17 0 0 0 0 0 0 0 0 0 7 0 0 56 10 0 0 47 85 0 0 61 23 0 62 0 26 0 47 0 0 0 79 0 75 74 59 0 0 77 64 93 95 0 0 0 3 29 84 0
0 0 2 0 0 0 0 0 0 0 0 11 0 0 0 0 0 0 99 0 45 0 0 0 0 0 0 0 0 86 0 0 0 0 84 0 0 0 0 0 0 0 0 0 0 0 0 0 0 0 0 0 11 0 85 70 0 0 0 0 0 0 0 0 0 85 65 0 0 9 17 0 71 26 0 0 38 0 0 0 26 0 0 0 0 47 0 70 71 0 0 0 91 34 0 37 0 0 0 54
0 0 0 0 0 0 0 0 0 0 0 0 12 0 14 0 0 0 12 0 0 0 2 0 71 0 0 0 84 0 0 0 0 0 76 0 0 40 0 0 0 0 0 0 73 41 77 0 58 0 76 0 57 0 0 0 0 86 46 0 0 0 0 41 0 89 0 72 0 72 54 0 71 52 0 34 0 0 49 40 0 0 78 0 0 40 0 0 0 0 59 0 0 0 60 82 0 0 0 56
64 0 71 0 0 0 0 0 0 0 0 3 0 0 92 0 45 0 0 0 0 0 11 0 54 0 0 0 0 0 0 0 0 0 0 0 22 0 0 65 0 10 24 18 0 0 80 0 0 0 0 0 30 0 75 0 46 57 0 0 0 0 26 0 0 0 61 0 89 3 0 46 0 26 19 12 56 0 0 22 25 33 50 100 50 0 0 0 84 0 11 0 22 59 0 23 0 16 43 87
0 0 0 0 0 0 0 0 88 16 94 0 0 0 63 0 70 0 0 0 0 0 0 74 0 0 0 0 0 19 0 0 97 2 0 0 60 0 57 0 0 7 81 0 0 0 0 0 60 0 24 0 62 84 0 0 0 0 94 31 79 0 0 0 0 0 0 0 58 52 7 96 0 19 99 0 23 65 0 72 78 15 0 0 34 0 53 44 98 0 92 63 72 0 0 12 46 94 82 0
0 93 0 34 0 0 3 0 0 0 0 0 66 0 0 0 0 0 0 0 0 60 0 68 0 37 0 52 91 0 0 0 0 0 0 0 79 0 0 0 0 0 0 94 0 0 0 0 0 83 0 0 0 0 52 0 0 0 0 0 0 34 0 0 0 0 0 0 6 0 0 0 0 0 0 0 81 0 37 23 0 64 0 7 47 10 0 49 0 19 65 58 46 90 67 41 51 0 0 0
6 0 0 45 0 0 57 0 0 0 0 15 0 0 0 0 0 0 0 0 0 6 81 0 33 1 0 0 0 0 0 0 0 0 0 0 0 0 95 0 0 0 30 0 0 0 90 57 0 0 0 0 0 0 25 69 0 0 57 0 0 0 0 30 0 0 0 0 0 0 27 78 30 30 0 86 0 27 0 0 0 0 29 24 12 0 0 0 0 0 82 0 0 20 79 0 91 15 88 86
0 0 0 42 0 0 76 68 24 0 0 99 0 0 0 0 52 0 0 0 4 42 0 35 22 0 0 0 0 0 0 0 0 0 41 14 19 0 64 0 0 0 0 0 0 0 39 0 0 72 83 0 0 0 18 0 0 19 0 39 0 0 0 0 0 0 0 19 0 0 94 0 0 0 0 0 10 68 62 65 0 0 0 60 81 87 0 18 0 0 44 0 49 17 65 63 74 0 0 72
46 0 0 0 0 0 31 68 0 45 0 0 0 0 0 0 0 31 0 0 11 0 0 0 5 96 98 0 0 53 0 66 0 53 0 0 0 0 0 0 0 22 40 87 0 0 0 15 46 0 0 0 0 97 0 0 0 0 0 0 0 91 0 0 0 2 0 54 0 0 0 0 0 11 0 0 0 14 0 100 63 5 0 5 6 0 0 59 0 18 6 0 0 83 80 45 0 0 36 0
31 0 0 0 24 0 0 0 0 0 91 0 38 77 0 0 0 86 0 0 98 0 0 0 0 0 0 14 87 0 0 46 0 0 27 0 32 0 0 0 0 0 0 0 97 0 0 57 0 0 0 33 83 0 0 0 0 0 0 0 0 0 0 0 91 0 0 0 0 0 68 0 0 0 21 0 0 0 88 30 18 0 81 75 0 0 3 54 32 98 0 0 0 0 0 0 0 49 94 0
9 0 0 0 0 0 78 0 0 0 0 0 0 0 0 0 0 0 69 0 0 0 0 13 0 67 0 0 0 0 0 0 0 0 0 0 0 0 0 0 0 0 86 0 26 0 0 0 0 0 0 0 0 0 40 0 0 0 0 25 0 0 0 0 0 54 0 21 0 0 0 50 0 22 59 0 0 38 0 7 0 62 96 23 0 25 0 41 44 0 56 0 0 50 0 0 42 41 0 71
0 0 0 0 53 87 0 0 0 26 0 37 0 0 0 0 0 0 0 0 55 73 0 0 0 0 0 2 0 7 13 0 0 100 0 0 0 0 0 0 0 0 0 0 0 0 0 54 0 0 0 56 0 65 0 0 2 19 0 19 0 0 15 0 0 0 0 98 0 0 0 83 0 0 0 0 0 67 0 36 0 0 0 0 36 0 25 87 99 44 0 97 0 0 0 47 0 54 0 0
0 0 0 0 0 80 0 0 0 64 0 0 0 0 60 0 0 0 35 2 88 0 64 0 0 0 0 82 0 0 82 52 0 0 0 59 0 0 0 0 0 0 0 46 0 0 0 99 0 0 0 0 0 0 0 0 0 48 0 71 0 0 0 0 0 0 0 0 53 0 26 0 0 56 0 75 8 0 0 56 0 33 66 77 0 0 0 0 19 0 0 13 29 68 0 94 57 0 0 45
0 0 44 0 74 0 31 0 85 86 0 0 68 25 0 0 7 0 23 0 0 0 0 0 59 0 7 91 63 0 99 0 53 0 0 0 0 59 0 0 0 0 0 0 12 0 0 68 0 58 87 0 0 0 44 0 0 0 41 0 0 0 0 0 0 0 0 59 0 62 79 0 0 85 0 0 0 81 0 0 0 88 56 0 4 92 87 11 0 0 0 68 0 0 0 3 24 0 0 0
0 16 0 0 0 5 0 2 39 0 0 7 0 79 0 0 0 0 0 90 0 51 0 0 0 85 0 0 84 0 20 0 0 45 0 0 0 82 0 0 0 0 0 0 0 13 0 0 20 0 46 0 0 0 34 20 0 0 77 0 0 0 0 0 20 0 0 0 77 0 0 98 0 0 0 0 0 0 0 71 61 26 0 0 82 50 0 0 37 0 0 0 0 0 56 0 0 0 12 67
0 0 0 0 10 0 0 0 0 0 74 0 0 0 0 37 29 0 0 0 0 51 36 23 0 0 0 93 0 0 0 28 0 0 0 0 0 0 0 85 0 35 0 0 24 0 0 0 5 0 57 0 27 0 0 97 0 0 0 0 0 0 0 0 0 47 0 94 0 0 0 0 0 0 26 0 27 0 90 0 0 0 33 82 0 53 46 59 70 39 0 87 0 23 0 0 84 0 90 26
0 0 86 0 41 0 0 0 0 18 48 71 0 0 0 34 0 9 0 13 0 36 0 0 84 0 28 4 0 0 5 0 0 0 78 0 50 0 0 0 0 0 0 0 0 0 86 0 0 0 98 0 0 0 0 0 0 56 0 0 0 0 0 28 0 2 25 0 0 0 49 0 0 0 0 0 0 0 0 0 0 43 5 0 19 0 74 0 50 0 85 6 0 92 9 77 0 92 72 0
46 0 21 0 0 65 0 32 0 42 83 0 0 0 0 37 0 0 0 0 7 0 81 0 0 0 0 73 6 0 0 0 0 17 0 3 0 0 0 5 40 0 0 0 0 0 0 0 0 0 0 9 0 35 15 0 0 0 0 0 46 15 0 0 0 0 0 0 10 0 0 0 0 0 0 68 0 0 9 0 100 0 0 0 0 0 74 0 0 100 78 0 55 0 34 88 91 60 44 0
0 0 81 0 0 0 45 0 0 0 42 0 0 22 0 88 58 0 59 0 0 0 0 0 0 0 0 0 0 0 32 0 0 14 0 12 0 0 0 96 0 0 51 0 0 0 0 0 0 0 69 0 0 0 0 0 0 0 0 0 0 0 75 0 0 0 0 8 0 12 0 0 0 0 60 25 0 4 0 0 0 8 53 84 0 0 45 13 26 0 62 53 56 0 13 0 54 9 0 27
0 0 0 0 0 19 0 38 0 0 0 0 0 0 0 0 0 0 0 0 0 0 0 0 69 35 0 0 0 0 0 0 40 80 0 0 0 0 0 0 0 0 0 0 0 53 0 0 0 0 0 0 0 0 0 0 0 0 0 22 0 0 32 0 0 0 0 0 34 99 0 0 0 0 0 0 0 0 0 0 0 0 90 66 0 0 40 18 0 20 91 0 82 0 66 0 0 0 0 0
70 0 60 0 0 0 0 85 0 0 55 0 90 0 0 0 0 0 42 0 0 0 0 0 0 0 75 63 0 0 98 74 0 0 0 0 0 0 51 0 0 0 0 0 0 0 0 0 0 0 0 19 0 0 0 0 0 0 0 0 0 0 0 0 0 0 0 27 0 69 55 0 0 4 0 0 0 0 0 64 0 0 0 94 0 0 74 0 94 0 0 0 0 0 0 37 0 59 0 39
32 0 0 0 15 67 0 4 0 0 63 0 0 2 31 0 94 0 0 0 0 0 0 0 0 90 17 0 95 54 76 0 0 0 0 62 0 0 0 0 0 0 0 88 0 0 0 0 0 83 59 0 0 82 62 65 88 0 0 0 0 0 91 0 73 0 0 0 0 0 0 0 0 68 0 0 0 0 81 61 0 0 0 0 0 0 0 1 0 0 0 0 0 0 53 0 0 94 13 0
0 41 0 0 0 0 84 87 0 0 0 0 0 0 0 46 0 0 32 0 0 0 87 88 79 0 0 0 0 0 0 14 0 0 0 0 78 0 0 0 32 0 0 0 21 56 0 0 0 0 0 27 0 80 0 0 0 0 80 0 48 0 0 12 0 0 0 0 0 0 0 0 22 0 75 0 0 26 0 0 29 76 0 83 0 7 91 0 43 69 61 0 91 5 0 5 85 43 46 19
0 3 0 37 0 45 0 60 66 0 25 55 0 0 0 0 10 0 0 0 0 0 0 0 0 0 22 86 0 96 0 0 17 0 84 0 0 0 0 0 0 26 0 0 0 5 0 0 0 0 0 0 0 84 0 0 6 54 0 0 0 0 0 0 0 58 0 0 17 0 0 68 0 36 26 0 0 0 0 0 0 0 64 0 0 0 0 0 0 95 0 0 0 4 0 0 50 56 87 75
52 0 0 0 0 0 0 0 0 0 0 0 40 51 50 66 0 0 0 0 0 0 0 84 0 0 0 0 0 0 0 0 0 24 8 0 0 93 0 0 0 32 76 0 80 0 0 0 84 0 43 0 0 0 0 0 32 0 0 0 0 7 0 0 97 0 0 45 95 0 71 0 16 0 0 0 0 0 0 0 0 0 0 95 0 44 0 68 87 0 35 0 0 87 0 0 71 0 0 0
0 95 0 0 79 0 28 49 0 0 0 0 0 0 0 0 13 0 26 81 0 0 0 0 0 0 31 0 0 0 0 0 0 0 0 0 0 0 0 0 0 0 38 0 0 0 0 0 0 0 27 0 0 0 0 75 0 100 0 0 90 62 0 0 14 0 0 0 61 0 0 0 0 0 57 0 85 0 0 79 0 0 0 0 66 0 0 0 0 0 0 0 0 0 29 0 39 0 78 0
0 0 0 0 0 0 0 89 0 100 0 0 0 0 0 22 0 14 0 16 71 0 100 99 67 0 0 21 0 4 0 40 0 0 0 0 0 50 65 83 0 0 0 89 14 99 0 0 0 0 49 0 0 0 69 98 0 0 0 67 0 0 0 0 77 0 0 0 22 0 0 0 0 0 0 0 0 0 0 98 0 13 0 55 0 85 0 97 0 0 0 0 86 0 0 34 67 83 28 0
0 0 0 0 6 0 0 85 69 0 0 0 26 0 0 0 0 0 0 0 0 0 0 90 61 0 20 0 0 0 0 0 55 0 0 0 0 0 10 0 10 0 0 0 0 0 0 0 0 0 0 0 0 0 0 0 0 0 0 22 0 0 0 0 0 94 0 0 7 32 0 0 8 0 84 0 0 0 26 0 0 0 0 0 0 0 72 0 0 0 13 0 74 72 42 3 21 68 0 44
0 90 0 79 0 57 0 0 0 42 0 0 12 0 36 0 0 0 0 74 0 45 0 0 48 0 0 46 0 99 20 0 0 18 0 0 0 0 0 54 20 0 85 0 0 44 0 90 32 68 0 0 0 0 0 0 0 0 81 37 46 0 0 5 0 0 0 0 0 0 0 7 0 90 0 11 47 12 0 0 0 0 0 52 0 14 0 37 35 0 0 0 68 64 14 0 0 0 0 0
0 0 71 0 61 67 0 0 29 0 26 0 0 40 0 0 0 0 67 0 0 0 0 0 0 0 0 0 0 0 0 20 0 0 0 0 10 0 0 0 0 0 2 0 0 0 0 8 0 0 0 0 0 0 89 0 0 0 0 0 0 100 0 0 86 55 0 0 0 0 25 89 0 0 0 0 0 0 0 0 0 0 0 58 0 0 0 36 0 0 35 0 0 0 73 52 48 0 0 0
49 0 0 93 0 0 0 0 0 69 0 0 0 0 0 0 92 0 0 0 0 0 0 0 35 0 0 0 0 0 0 0 0 0 100 0 0 80 0 0 0 58 0 0 0 46 0 0 0 0 0 0 0 92 70 0 0 0 0 0 0 0 0 0 70 0 0 0 0 0 34 90 0 0 0 0 0 0 0 0 0 0 43 73 0 0 26 0 0 0 0 0 0 95 0 12 0 0 0 28
0 0 0 0 0 0 87 0 0 0 0 0 44 96 0 0 69 0 30 0 0 0 0 17 0 0 0 15 0 0 70 87 66 0 0 0 0 0 42 0 0 0 0 0 0 0 74 0 60 0 0 6 0 0 0 0 0 0 0 0 0 0 72 0 0 0 0 0 0 0 0 91 0 41 0 0 0 0 0 0 22 0 0 45 0 0 0 0 17 0 0 83 0 0 5 70 3 0 0 0
0 0 0 46 0 0 51 0 0 0 0 44 0 0 8 4 0 0 83 0 0 0 0 0 0 38 64 0 0 0 0 0 83 88 0 0 0 85 0 0 0 0 24 17 59 0 0 0 0 0 0 0 0 0 0 0 0 19 8 0 0 0 0 0 0 0 4 0 0 0 0 0 37 56 0 98 0 0 0 0 0 0 0 0 0 0 0 0 20 0 0 0 98 0 0 66 60 0 62 0
97 0 0 65 0 0 0 0 0 0 0 0 0 0 97 72 0 0 0 0 0 0 0 0 0 0 0 0 0 37 11 79 31 0 0 0 0 0 0 0 0 0 0 0 0 0 0 0 46 0 0 0 0 0 92 0 63 0 0 0 92 0 14 0 0 0 0 0 1 0 0 52 25 0 0 0 67 0 0 0 7 0 0 0 0 15 19 87 0 0 0 0 0 0 0 0 0 35 0 66
6 0 0 0 29 0 0 0 0 0 0 0 0 0 72 0 0 0 0 0 70 38 31 0 0 81 0 21 0 0 24 0 0 0 0 0 34 0 0 0 0 0 0 92 0 0 0 42 0 11 0 33 0 7 0 0 0 0 16 0 3 0 0 4 0 0 0 0 0 0 73 0 0 0 0 0 91 0 0 0 0 7 0 0 0 0 0 0 0 0 0 0 0 0 0 0 0 41 0 0
23 0 0 0 4 0 0 0 37 30 0 0 0 0 0 0 26 0 0 0 14 0 94 0 99 24 0 0 25 0 0 0 0 0 0 0 0 0 0 0 0 62 85 10 0 51 5 0 0 0 0 0 0 30 92 0 34 0 0 52 29 0 0 40 70 0 0 90 0 0 28 0 0 0 25 0 6 0 0 0 0 24 0 0 0 0 0 0 0 0 95 0 21 0 21 0 0 0 0 0
0 0 16 24 0 0 0 0 0 0 0 0 0 58 0 0 0 0 0 0 0 0 0 0 0 0 92 0 0 0 0 0 0 0 0 0 0 0 13 0 0 55 0 0 27 0 0 0 0 0 0 0 12 0 0 0 0 0 0 0 43 5 0 86 0 0 0 8 0 60 0 0 0 33 0 25 0 0 0 0 0 66 71 0 0 0 47 0 0 89 80 0 45 0 0 16 0 0 0 0
85 0 64 0 0 0 0 0 0 0 77 51 0 0 0 0 94 25 94 80 27 0 41 0 70 15 37 0 34 0 0 0 0 0 88 65 0 3 0 0 0 0 0 0 0 0 0 0 0 0 0 0 82 25 0 0 40 77 67 0 0 77 72 0 0 0 12 19 0 0 38 14 0 84 0 0 0 0 87 24 0 0 0 49 0 0 17 0 0 0 0 35 0 65 44 0 43 87 30 0